0.9582922793046273
0.9660409754789203
0.9670597450744889
0.9812275807900782
0.9161231224642534
0.989301412395109
0.9572201244048731
0.979004849926602
0.9695332627200063
0.9885223001684752
0.9827125750588965
0.8774833544184876
0.9868847963336762
0.9574468212297619
0.9556257713955025
0.9854715909296816
0.9070832189900562
0.9457459828124222
0.9844994473981549
0.9621077993942864
0.9592712958177481
0.9877117129751735
0.9519654856471698
0.9790536284605491
0.9818381482807016
0.9831218193604949
0.9719563110517877
0.9853271142376372
0.9615937840666071
0.9771393651085842
0.9870773882518972
0.9863486948480882
0.9856705712126184
0.9772523884794161
0.7595238587014373
0.9743697978515472
0.9806244017411332
0.9917135755604809
0.9719813436375103
0.9439366150938298
0.9805578183365167
0.9003796644860215
0.9223653778554042
0.9821055015676892
0.989883128101282
0.9922152578468211
0.9593648478514615
0.9885830520888348
0.9871517879001894
0.9565240146608364